-1 0 0
-0.798 0.603 0
0.264 0.553 0.79
-0.93 -0.353 -0.099
0.159 -0.779 0.607
0.565 -0.099 0.819
-0.537 0.448 0.715
0.545 0.818 -0.183
-0.755 -0.24 0.61
0.168 -0.985 0.04
-0.226 -0.958 -0.178
-0.112 -0.829 -0.548
0.503 -0.495 0.709
0.491 0.767 0.414
0.717 -0.126 -0.685
0.527 -0.848 -0.058
-0.746 -0.475 -0.467
-0.587 -0.289 -0.756
0.223 -0.916 -0.334
0.827 0.494 -0.27
-0.599 0.683 0.418
0.477 0.337 -0.812
-0.934 -0.046 0.354
-0.229 0.703 0.673
0.15 0.298 -0.943
-0.151 -0.97 0.192
-0.888 -0.109 -0.448
-0.104 0.425 0.899
0.237 0.83 -0.504
-0.69 0.611 -0.388
0.105 0.609 -0.786
0.002 0.002 1
0.394 -0.108 -0.913
0.251 -0.327 0.911
0.807 -0.245 0.537
0.931 -0.322 0.171
-0.561 -0.624 0.544
0.711 0.693 0.12
-0.871 0.365 0.329
0.274 0.186 0.944
-0.398 0.851 -0.342
